$ 1 0.000005 2.3728258192205156 75 5 50
R 176 144 176 112 0 0 40 5 0 0 0.5
r 176 144 176 208 0 100000
r 176 208 176 272 0 100000
w 176 208 112 208 0
w 176 272 112 272 0
g 176 272 176 288 0 0
r 176 208 240 208 0 1000000
w 352 224 352 320 0
r 352 320 240 320 0 100000
w 240 240 240 320 0
174 240 384 224 320 1 1000 0.9752000000000001 Resistance
g 144 352 144 368 0 0
c 224 352 144 352 0 0.000009999999999999999 0.0009888089281323374 0.001
c 352 224 400 224 0 0.000001 0.0010000000000069745 0.001
O 400 224 432 224 0 0
R 240 160 240 128 0 1 80 0.001 0 0 0.5
209 112 208 112 272 0 0.0000015 2.145719423266502 1 1
w 240 160 240 208 0
a 240 224 352 224 9 15 -15 1000000 0.0009982181388708052 0.000998607524711003 100000
o 17 64 0 4099 0.00244140625 0.00009765625 0 2 17 3
o 14 64 0 4098 1.25 0.1 1 1
