$ 1 0.000005 26.59566520631553 58 5 50
R 80 224 48 224 0 0 40 5 0 0 0.5
r 128 224 192 224 0 1000
c 192 224 272 224 0 0.00009999999999999999 2.678475312771438
t 272 224 304 224 0 1 0.6057230564852938 0.6690523405445703 100
g 304 240 304 256 0
162 304 160 304 208 2 default-led 1 0 0 0.02
R 304 112 304 80 0 0 40 5 0 0 0.5
s 128 224 80 224 0 0 false
r 304 160 304 112 0 220
w 272 224 272 176 0
s 272 176 192 176 0 1 false
r 192 224 192 176 0 1
o 2 64 0 4099 5 0.00625 0 2 2 3
o 5 64 0 4099 2.5 0.025 1 2 5 3
