$ 1 0.000015625 8.281975887399955 57 5 50
r 192 128 240 128 0 10000
g 192 128 192 112 0
r 320 128 320 176 0 10000
t 320 176 320 208 0 1 0.5744785643457707 7.438494264988549e-15 100
g 336 208 352 208 0
r 304 208 256 208 0 10000
R 256 208 256 176 0 0 40 5 0 0 0.5
w 304 208 304 240 0
w 320 128 240 128 0
w 240 128 240 240 0
f 224 288 256 288 32 1.5 0.02
f 352 288 320 288 32 1.5 0.02
f 224 336 256 336 32 1.5 0.02
f 352 336 320 336 32 1.5 0.02
w 240 240 224 240 0
w 224 240 224 288 0
w 304 240 304 256 0
w 240 240 368 240 0
w 368 240 368 336 0
w 368 336 352 336 0
w 304 256 352 256 0
w 352 256 352 288 0
w 304 256 208 256 0
w 208 256 208 336 0
w 208 336 224 336 0
R 256 272 272 272 0 0 40 5 0 0 0.5
R 320 272 304 272 0 0 40 5 0 0 0.5
g 320 352 320 368 0
g 256 352 256 368 0
w 256 304 256 320 0
w 320 304 320 320 0
w 256 320 272 320 0
w 272 320 272 400 0
w 320 320 304 320 0
w 304 320 304 400 0
w 304 400 320 400 0
R 320 128 320 96 1 2 200 2.5 2.5 0 0.5
w 272 400 256 400 0
r 272 400 304 400 0 10000
w 320 448 256 448 0
w 320 448 320 400 0
l 256 448 256 400 0 0.1 0.029409257734355057
211 256 448 192 448 0 1 8000 1
o 39 8 3 4099 10 0.05 0 1
