$ 1 0.000005 4.43302224444953 50 5 50
R 80 64 48 64 0 0 40 5 0 0 0.5
w 80 64 128 64 0
w 128 64 176 64 0
w 176 64 224 64 0
r 80 64 80 128 0 610
r 128 64 128 128 0 103050
r 176 64 176 128 0 103050
r 224 64 224 128 0 610
c 128 128 80 128 0 1.0000000000000001e-7 -3.1534406413945795
c 224 128 176 128 0 1.0000000000000001e-7 3.693608194063251
t 128 176 80 176 0 1 -1.5191352138623742 0.628814960993223 100
t 176 176 224 176 0 1 -5.327913621595456 -0.44722371501614494 100
w 80 160 80 128 0
w 224 160 224 128 0
w 128 176 176 128 0
w 176 176 128 128 0
w 80 192 80 224 0
w 224 192 224 224 0
l 112 304 112 368 0 1 -0.016813405572219393
l 192 304 192 368 0 1 -0.021199244010952346
w 192 304 240 304 0
w 192 368 240 368 0
w 112 304 64 304 0
w 112 368 64 368 0
34 fwdrop\q0.7 0 1e-7 0 1.6790816903491173 0
d 64 304 64 336 2 fwdrop\q0.7
d 240 304 240 336 2 fwdrop\q0.7
r 240 336 240 368 0 107.5
r 64 336 64 368 0 107.5
r 240 368 304 368 0 125
r 64 368 0 368 0 125
R 0 368 -32 368 0 0 40 5 0 0 0.5
R 304 368 336 368 0 0 40 5 0 0 0.5
t 48 272 48 304 0 1 0.627341354807547 0.677380070321487 100
t 256 272 256 304 1 1 -7.692437658496872 0.11911331879864971 100
g 272 304 288 304 0
g 32 304 16 304 0
w 80 224 48 224 0
w 48 224 48 272 0
w 224 224 256 224 0
w 256 224 256 272 0
o 18 8 3 4107 5 0.05 0 2 19 3
o 29 32 7 4099 5 0.05 1 2 0.3125 28 7 0.3125
